201935,1,"James  Harden","HOU",0.600000,5.500000,30.000000,26.600000

{"LeagueID":"00","PerMode":"PerGame","StatCategory":"PTS","Season":"2018-19","SeasonType":"Regular Season","Scope":"S","ActiveFlag":null}

[201935,1,"James Harden","HOU",15,36.700000,8.800000,20.700000,0.426000,4.000000,11.100000,0.359000,8.400000,10.200000,0.824000,0.600000,4.500000,5.100000,7.900000,2.200000,0.600000,5.500000,30.000000,26.600000]

{"resource":"leagueleaders","parameters":{"LeagueID":"00","PerMode":"PerGame","StatCategory":"PTS","Season":"2018-19","SeasonType":"Regular Season","Scope":"S","ActiveFlag":null}}

[[201935,1,"James Harden","HOU",15,36.700000,8.800000,20.700000,0.426000,4.000000,11.100000,0.359000,8.400000,10.200000,0.824000,0.600000,4.500000,5.100000,7.900000,2.200000,0.600000,5.500000,30.000000,26.600000],[2544,2,"LeBron James","LAL",19,35.100000,10.200000,19.500000,0.522000,2.300000,6.000000,0.386000,5.700000,7.800000,0.725000,1.000000,6.900000,7.900000,6.900000,1.300000,0.900000,3.500000,28.300000,30.500000]]

